image: ./my_room.pgm
resolution: 0.050000
origin: [-4.886150, -11.697422, 0.000000]
negate: 0
occupied_thresh: 0.65
free_thresh: 0.196

